PosX=2237.730957
PosY=-1743.464599
PosZ=13.542304
PosR=25.000000
VW=0
Namekhuvuc=Khu Vuc , Doi Qua
