PosX=1808.025146
PosY=-1576.876831
PosZ=13.479104
PosR=100.000000
VW=0
Namekhuvuc=Club VIP 
