PosX=1349.882568
PosY=-1748.444213
PosZ=13.371065
PosR=50.000000
VW=0
Namekhuvuc=Trucker
