PosX=1169.693481
PosY=-1351.179077
PosZ=2423.046142
PosR=100.000000
VW=11720
Namekhuvuc=FDSA
