PosX=1821.421020
PosY=-1751.274047
PosZ=13.382812
PosR=30.000000
VW=0
Namekhuvuc=Khong KOS/TDM o day !
