PosX=1789.091064
PosY=-1905.149536
PosZ=13.395976
PosR=50.000000
VW=0
Namekhuvuc=TAXI 
